  1948        2026
 1948    -0.43   -0.11    0.12   -0.00    0.43   -0.06    0.00   -0.22   -0.47   -0.95   -1.01    0.12
 1949    -0.38    0.07   -0.85   -0.22    0.03   -1.14   -0.48   -0.50   -0.97   -0.81   -1.64   -1.35
 1950    -1.41   -1.47   -1.07   -1.25   -1.35   -1.03   -0.80   -0.92   -1.27   -0.91   -1.29   -1.05
 1951    -1.12   -0.60   -0.28   -0.13   -0.03    0.10    0.25    0.40    0.32    0.57    0.44    0.38
 1952     0.19    0.09   -0.30    0.29   -0.26   -0.79   -0.72   -0.49   -0.40   -0.20   -0.44   -0.60
 1953     0.27    0.18   -0.00    0.37    0.35    0.53    0.24    0.05    0.51   -0.08    0.44   -0.14
 1954     0.09    0.24   -0.25   -0.62   -0.49   -0.63   -0.79   -1.16   -1.34   -0.70   -0.80   -0.95
 1955    -0.66   -0.74   -0.85   -0.89   -1.28   -0.80   -1.27   -0.92   -1.43   -1.94   -1.90   -1.72
 1956    -1.44   -0.79   -0.68   -0.72   -0.63   -0.66   -0.78   -0.92   -0.95   -0.82   -0.85   -0.56
 1957    -0.40   -0.16    0.00    0.36    0.54    0.17    0.35    0.81    0.33    0.63    0.79    0.96
 1958     1.37    1.35    0.91    0.44    0.35    0.28    0.10    0.15   -0.16   -0.09    0.14    0.06
 1959     0.55    0.36    0.16    0.20    0.15   -0.29   -0.50   -0.47   -0.49   -0.25   -0.25   -0.24
 1960    -0.40   -0.37   -0.21   -0.16   -0.25   -0.43   -0.41   -0.32   -0.30   -0.43   -0.49   -0.34
 1961    -0.30   -0.20   -0.41   -0.37   -0.27   -0.03   -0.41   -0.64   -0.82   -0.82   -0.43   -0.57
 1962    -0.68   -0.53   -0.49   -0.45   -0.71   -0.48   -0.42   -0.46   -0.77   -0.67   -0.64   -0.72
 1963    -0.76   -0.51   -0.29   -0.17   -0.31   -0.41    0.52    0.42    0.44    0.57    0.47    0.57
 1964     0.48    0.28   -0.33   -0.53   -0.88   -1.01   -0.92   -1.14   -1.40   -1.15   -1.37   -1.21
 1965    -0.83   -0.47   -0.42   -0.30   -0.08    0.37    0.51    0.68    0.61    1.07    1.02    1.04
 1966     0.78    0.44    0.66    0.28   -0.40    0.10    0.18   -0.29   -0.34   -0.39   -0.27   -0.53
 1967    -0.81   -0.75   -0.58   -0.64   -0.31   -0.10   -0.31   -0.55   -0.79   -0.61   -0.51   -0.52
 1968    -0.73   -0.70   -0.78   -0.52   -0.68    0.09    0.06    0.01   -0.24    0.12    0.53    0.45
 1969     0.96    0.99    0.50    0.38    0.46    0.20   -0.11    0.17    0.33    0.46    0.46    0.66
 1970     0.20   -0.05    0.04    0.17   -0.12   -0.42   -0.65   -0.88   -1.04   -0.89   -0.96   -1.18
 1971    -1.71   -1.46   -1.30   -0.94   -0.92   -1.04   -0.90   -0.93   -1.05   -1.05   -0.92   -0.86
 1972    -0.68   -0.20   -0.16    0.20    0.23    0.41    0.64    0.73    0.76    1.12    1.30    1.26
 1973     1.09    0.91    0.39   -0.39   -0.64   -0.92   -1.13   -1.24   -1.43   -1.60   -2.05   -2.18
 1974    -2.04   -1.60   -1.38   -1.11   -1.08   -0.61   -0.96   -0.57   -0.67   -1.08   -1.11   -0.97
 1975    -0.58   -0.57   -0.87   -0.75   -0.98   -1.33   -1.21   -1.47   -1.69   -1.72   -1.51   -1.97
 1976    -1.74   -1.04   -0.83   -0.59   -0.61   -0.30   -0.10   -0.01    0.16    0.52    0.66    0.36
 1977     0.57    0.25    0.18   -0.23   -0.16    0.23    0.37   -0.01    0.26    0.59    0.61    0.61
 1978     0.52    0.31    0.02   -0.49   -0.35   -0.47   -0.33   -0.77   -0.45   -0.44   -0.20    0.09
 1979     0.05    0.05    0.07    0.05   -0.06   -0.05   -0.13   -0.20    0.17    0.04    0.33    0.48
 1980     0.44    0.35    0.18    0.13    0.23    0.30    0.10   -0.35   -0.36   -0.20    0.08    0.10
 1981    -0.45   -0.42   -0.11   -0.57   -0.29   -0.33   -0.55   -0.39   -0.22   -0.16   -0.42   -0.12
 1982     0.07   -0.13    0.03    0.26    0.53    0.80    0.34    0.44    1.04    1.48    1.40    1.61
 1983     1.68    1.48    1.15    0.66    0.68    0.41   -0.13   -0.23   -0.51   -1.08   -1.04   -0.77
 1984    -0.79   -0.47   -0.60   -0.66   -0.69   -0.82   -0.54   -0.46   -0.41   -0.74   -0.97   -1.21
 1985    -0.80   -0.83   -0.88   -1.01   -0.88   -0.85   -0.49   -0.46   -0.47   -0.40   -0.29   -0.25
 1986    -0.50   -0.32   -0.30   -0.29   -0.22   -0.06    0.13    0.33    0.51    0.52    1.01    0.94
 1987     0.84    0.90    0.87    0.59    0.63    0.84    0.98    1.05    1.18    1.15    1.08    0.89
 1988     0.74    0.15    0.10   -0.45   -1.09   -1.35   -1.28   -1.10   -1.02   -1.72   -1.89   -1.75
 1989    -1.81   -1.36   -1.11   -1.04   -0.72   -0.57   -0.52   -0.73   -0.38   -0.35   -0.45    0.07
 1990    -0.01    0.35    0.12    0.27    0.15    0.02    0.27    0.22    0.22    0.31    0.22    0.37
 1991     0.58    0.41    0.24    0.45    0.45    0.59    0.70    0.73    0.42    0.89    1.06    1.27
 1992     1.34    1.32    1.19    1.17    0.97    0.57    0.37    0.09   -0.03   -0.17   -0.06   -0.00
 1993     0.35    0.43    0.36    0.63    0.86    0.39    0.20    0.26    0.33    0.22    0.29    0.34
 1994     0.22   -0.09    0.13    0.21    0.25    0.32    0.38    0.51    0.38    0.78    0.97    1.08
 1995     0.84    0.80    0.52    0.32    0.12    0.02   -0.03   -0.49   -0.63   -0.75   -0.88   -0.77
 1996    -0.68   -0.65   -0.50   -0.31   -0.25   -0.26   -0.31   -0.20   -0.33   -0.27   -0.19   -0.39
 1997    -0.25   -0.08    0.05    0.44    0.72    0.91    1.21    1.40    1.63    1.69    1.85    1.78
 1998     1.81    1.53    1.06    0.55    0.59   -0.44   -0.53   -0.74   -0.97   -1.16   -1.08   -1.45
 1999    -1.68   -1.28   -0.90   -0.71   -0.78   -0.76   -0.89   -1.02   -0.87   -0.95   -1.33   -1.43
 2000    -1.41   -1.26   -1.07   -0.81   -0.84   -0.55   -0.54   -0.35   -0.33   -0.56   -0.61   -0.89
 2001    -0.74   -0.70   -0.39   -0.26   -0.14    0.00    0.13    0.07   -0.04    0.13   -0.11   -0.27
 2002     0.01    0.15    0.22    0.28    0.40    0.65    0.66    0.67    0.81    0.93    1.20    1.25
 2003     0.58    0.68    0.54    0.22   -0.26    0.12    0.26    0.30    0.21    0.49    0.44    0.43
 2004     0.43    0.36    0.07    0.24    0.19    0.27    0.57    0.65    0.67    0.74    0.83    0.82
 2005     0.77    0.48    0.55    0.40    0.33    0.27   -0.02    0.07    0.05    0.10   -0.26   -0.65
 2006    -0.69   -0.63   -0.62   -0.14    0.02    0.19    0.26    0.51    0.66    0.76    0.99    1.08
 2007     0.69    0.27    0.06   -0.01   -0.23   -0.02   -0.24   -0.53   -0.90   -1.07   -1.36   -1.42
 2008    -1.60   -1.64   -1.14   -0.89   -0.75   -0.55   -0.17   -0.15   -0.29   -0.27   -0.39   -0.74
 2009    -0.86   -0.65   -0.58   -0.15    0.22    0.54    0.60    0.61    0.63    0.97    1.38    1.59
 2010     1.33    1.20    0.93    0.59    0.00   -0.38   -0.80   -1.08   -1.34   -1.49   -1.39   -1.43
 2011    -1.40   -1.07   -0.79   -0.65   -0.46   -0.21   -0.18   -0.56   -0.69   -0.90   -0.92   -0.99
 2012    -0.91   -0.64   -0.53   -0.29   -0.21    0.05    0.23    0.45    0.29    0.26    0.33   -0.01
 2013    -0.30   -0.37   -0.23   -0.09   -0.25   -0.28   -0.23   -0.34   -0.10   -0.15    0.12   -0.16
 2014    -0.25   -0.23    0.12    0.44    0.53    0.41    0.13    0.15    0.31    0.45    0.84    0.78
 2015     0.63    0.67    0.74    1.07    1.10    1.23    1.35    1.49    1.67    1.91    2.21    2.13
 2016     2.13    1.87    1.50    1.08    0.63    0.37    0.01   -0.10   -0.21   -0.39   -0.37   -0.17
 2017    -0.23    0.22    0.18    0.35    0.40    0.45    0.38    0.05   -0.20   -0.12   -0.44   -0.65
 2018    -0.64   -0.48   -0.49   -0.11    0.18    0.31    0.39    0.35    0.50    1.01    1.15    1.10
 2019     0.88    0.87    0.92    0.82    0.83    0.80    0.65    0.35    0.18    0.78    0.82    0.73
 2020     0.84    0.67    0.65    0.66    0.05   -0.05    0.08   -0.29   -0.66   -0.90   -0.89   -1.02
 2021    -1.12   -1.00   -0.64   -0.47   -0.25   -0.03   -0.18   -0.36   -0.49   -0.74   -0.69   -0.89
 2022    -0.56   -0.55   -0.67   -0.74   -0.78   -0.52   -0.50   -0.80   -0.93   -0.83   -0.74   -0.63
 2023    -0.57   -0.47   -0.08    0.25    0.49    0.86    0.97    1.20    1.41    1.51    1.86    1.76
 2024     1.64    1.39    1.04    0.98    0.50    0.37    0.40    0.19   -0.10   -0.01   -0.03   -0.52
 2025    -0.64   -0.42    0.04   -0.05    0.07    0.15    0.14   -0.15   -0.32   -0.42   -0.54   -0.39
 2026    -0.40   -0.02    0.22    0.74    1.09    1.58    1.73  -99.99  -99.99  -99.99  -99.99  -99.99
  -99.99
  NINA34
 5N-5S 170W-120W 
 ERSST V6 
  Anomaly from 1981-2010
 https://psl.noaa.gov/data/timeseries/month/DS/NINO34/
 units=degC
 https://psl.noaa.gov/data/timeseries/month/DS/NINO34/
 units=degC
